Flowmetry.siteDepth=-10.0
Flowmetry.siteXCoordinate=181644.0
Flowmetry.siteYCoordinate=640861.0
Flowmetry.deltaT=1200.0
Flowmetry.numberOfTimeSteps=1080
Flowmetry.neapSpringNeapStartSample=1.0
Flowmetry.springNeapSpringStartSample=181.0
Flowmetry.meterDepths=-8.0,-5.0,-2.0
Flowmetry.lengthUnitsSiConversionFactor=1.0
Flowmetry.timeUnitsSiConversionFactor=1.0
startOfDataMarker=startOfDataMarker
endOfDataMarker=endOfDataMarker
#startOfDataMarker
   0   0.0000   0.0000   0.0000   0.0000   0.0000   0.0000
   1   0.1678   0.0000   0.1678   0.0000   0.1678   0.0000
   2   0.3309   0.0000   0.3309   0.0000   0.3309   0.0000
   3   0.4846   0.0000   0.4846   0.0000   0.4846   0.0000
   4   0.6245   0.0000   0.6245   0.0000   0.6245   0.0000
   5   0.7467   0.0000   0.7467   0.0000   0.7467   0.0000
   6   0.8478   0.0000   0.8478   0.0000   0.8478   0.0000
   7   0.9248   0.0000   0.9248   0.0000   0.9248   0.0000
   8   0.9755   0.0000   0.9755   0.0000   0.9755   0.0000
   9   0.9986   0.0000   0.9986   0.0000   0.9986   0.0000
  10   0.9933   0.0000   0.9933   0.0000   0.9933   0.0000
  11   0.9599   0.0000   0.9599   0.0000   0.9599   0.0000
  12   0.8992   0.0000   0.8992   0.0000   0.8992   0.0000
  13   0.8131   0.0000   0.8131   0.0000   0.8131   0.0000
  14   0.7038   0.0000   0.7038   0.0000   0.7038   0.0000
  15   0.5746   0.0000   0.5746   0.0000   0.5746   0.0000
  16   0.4291   0.0000   0.4291   0.0000   0.4291   0.0000
  17   0.2714   0.0000   0.2714   0.0000   0.2714   0.0000
  18   0.1060   0.0000   0.1060   0.0000   0.1060   0.0000
  19  -0.0624   0.0000  -0.0624   0.0000  -0.0624   0.0000
  20  -0.2290   0.0000  -0.2290   0.0000  -0.2290   0.0000
  21  -0.3891   0.0000  -0.3891   0.0000  -0.3891   0.0000
  22  -0.5382   0.0000  -0.5382   0.0000  -0.5382   0.0000
  23  -0.6720   0.0000  -0.6720   0.0000  -0.6720   0.0000
  24  -0.7868   0.0000  -0.7868   0.0000  -0.7868   0.0000
  25  -0.8792   0.0000  -0.8792   0.0000  -0.8792   0.0000
  26  -0.9467   0.0000  -0.9467   0.0000  -0.9467   0.0000
  27  -0.9873   0.0000  -0.9873   0.0000  -0.9873   0.0000
  28  -1.0000   0.0000  -1.0000   0.0000  -1.0000   0.0000
  29  -0.9842   0.0000  -0.9842   0.0000  -0.9842   0.0000
  30  -0.9406   0.0000  -0.9406   0.0000  -0.9406   0.0000
  31  -0.8702   0.0000  -0.8702   0.0000  -0.8702   0.0000
  32  -0.7752   0.0000  -0.7752   0.0000  -0.7752   0.0000
  33  -0.6582   0.0000  -0.6582   0.0000  -0.6582   0.0000
  34  -0.5225   0.0000  -0.5225   0.0000  -0.5225   0.0000
  35  -0.3719   0.0000  -0.3719   0.0000  -0.3719   0.0000
  36  -0.2109   0.0000  -0.2109   0.0000  -0.2109   0.0000
  37  -0.0438   0.0000  -0.0438   0.0000  -0.0438   0.0000
  38   0.1245   0.0000   0.1245   0.0000   0.1245   0.0000
  39   0.2892   0.0000   0.2892   0.0000   0.2892   0.0000
  40   0.4458   0.0000   0.4458   0.0000   0.4458   0.0000
  41   0.5897   0.0000   0.5897   0.0000   0.5897   0.0000
  42   0.7169   0.0000   0.7169   0.0000   0.7169   0.0000
  43   0.8237   0.0000   0.8237   0.0000   0.8237   0.0000
  44   0.9072   0.0000   0.9072   0.0000   0.9072   0.0000
  45   0.9649   0.0000   0.9649   0.0000   0.9649   0.0000
  46   0.9953   0.0000   0.9953   0.0000   0.9953   0.0000
  47   0.9974   0.0000   0.9974   0.0000   0.9974   0.0000
  48   0.9713   0.0000   0.9713   0.0000   0.9713   0.0000
  49   0.9175   0.0000   0.9175   0.0000   0.9175   0.0000
  50   0.8378   0.0000   0.8378   0.0000   0.8378   0.0000
  51   0.7343   0.0000   0.7343   0.0000   0.7343   0.0000
  52   0.6099   0.0000   0.6099   0.0000   0.6099   0.0000
  53   0.4683   0.0000   0.4683   0.0000   0.4683   0.0000
  54   0.3133   0.0000   0.3133   0.0000   0.3133   0.0000
  55   0.1495   0.0000   0.1495   0.0000   0.1495   0.0000
  56  -0.0185   0.0000  -0.0185   0.0000  -0.0185   0.0000
  57  -0.1861   0.0000  -0.1861   0.0000  -0.1861   0.0000
  58  -0.3484   0.0000  -0.3484   0.0000  -0.3484   0.0000
  59  -0.5007   0.0000  -0.5007   0.0000  -0.5007   0.0000
  60  -0.6389   0.0000  -0.6389   0.0000  -0.6389   0.0000
  61  -0.7590   0.0000  -0.7590   0.0000  -0.7590   0.0000
  62  -0.8575   0.0000  -0.8575   0.0000  -0.8575   0.0000
  63  -0.9317   0.0000  -0.9317   0.0000  -0.9317   0.0000
  64  -0.9794   0.0000  -0.9794   0.0000  -0.9794   0.0000
  65  -0.9994   0.0000  -0.9994   0.0000  -0.9994   0.0000
  66  -0.9910   0.0000  -0.9910   0.0000  -0.9910   0.0000
  67  -0.9545   0.0000  -0.9545   0.0000  -0.9545   0.0000
  68  -0.8910   0.0000  -0.8910   0.0000  -0.8910   0.0000
  69  -0.8021   0.0000  -0.8021   0.0000  -0.8021   0.0000
  70  -0.6905   0.0000  -0.6905   0.0000  -0.6905   0.0000
  71  -0.5593   0.0000  -0.5593   0.0000  -0.5593   0.0000
  72  -0.4123   0.0000  -0.4123   0.0000  -0.4123   0.0000
  73  -0.2535   0.0000  -0.2535   0.0000  -0.2535   0.0000
  74  -0.0876   0.0000  -0.0876   0.0000  -0.0876   0.0000
  75   0.0809   0.0000   0.0809   0.0000   0.0809   0.0000
  76   0.2470   0.0000   0.2470   0.0000   0.2470   0.0000
  77   0.4061   0.0000   0.4061   0.0000   0.4061   0.0000
  78   0.5537   0.0000   0.5537   0.0000   0.5537   0.0000
  79   0.6856   0.0000   0.6856   0.0000   0.6856   0.0000
  80   0.7981   0.0000   0.7981   0.0000   0.7981   0.0000
  81   0.8879   0.0000   0.8879   0.0000   0.8879   0.0000
  82   0.9525   0.0000   0.9525   0.0000   0.9525   0.0000
  83   0.9901   0.0000   0.9901   0.0000   0.9901   0.0000
  84   0.9996   0.0000   0.9996   0.0000   0.9996   0.0000
  85   0.9808   0.0000   0.9808   0.0000   0.9808   0.0000
  86   0.9341   0.0000   0.9341   0.0000   0.9341   0.0000
  87   0.8609   0.0000   0.8609   0.0000   0.8609   0.0000
  88   0.7633   0.0000   0.7633   0.0000   0.7633   0.0000
  89   0.6441   0.0000   0.6441   0.0000   0.6441   0.0000
  90   0.5066   0.0000   0.5066   0.0000   0.5066   0.0000
  91   0.3547   0.0000   0.3547   0.0000   0.3547   0.0000
  92   0.1927   0.0000   0.1927   0.0000   0.1927   0.0000
  93   0.0253   0.0000   0.0253   0.0000   0.0253   0.0000
  94  -0.1428   0.0000  -0.1428   0.0000  -0.1428   0.0000
  95  -0.3069   0.0000  -0.3069   0.0000  -0.3069   0.0000
  96  -0.4623   0.0000  -0.4623   0.0000  -0.4623   0.0000
  97  -0.6046   0.0000  -0.6046   0.0000  -0.6046   0.0000
  98  -0.7297   0.0000  -0.7297   0.0000  -0.7297   0.0000
  99  -0.8341   0.0000  -0.8341   0.0000  -0.8341   0.0000
 100  -0.9148   0.0000  -0.9148   0.0000  -0.9148   0.0000
 101  -0.9696   0.0000  -0.9696   0.0000  -0.9696   0.0000
 102  -0.9969   0.0000  -0.9969   0.0000  -0.9969   0.0000
 103  -0.9959   0.0000  -0.9959   0.0000  -0.9959   0.0000
 104  -0.9667   0.0000  -0.9667   0.0000  -0.9667   0.0000
 105  -0.9100   0.0000  -0.9100   0.0000  -0.9100   0.0000
 106  -0.8275   0.0000  -0.8275   0.0000  -0.8275   0.0000
 107  -0.7216   0.0000  -0.7216   0.0000  -0.7216   0.0000
 108  -0.5951   0.0000  -0.5951   0.0000  -0.5951   0.0000
 109  -0.4518   0.0000  -0.4518   0.0000  -0.4518   0.0000
 110  -0.2957   0.0000  -0.2957   0.0000  -0.2957   0.0000
 111  -0.1312   0.0000  -0.1312   0.0000  -0.1312   0.0000
 112   0.0371   0.0000   0.0371   0.0000   0.0371   0.0000
 113   0.2043   0.0000   0.2043   0.0000   0.2043   0.0000
 114   0.3657   0.0000   0.3657   0.0000   0.3657   0.0000
 115   0.5167   0.0000   0.5167   0.0000   0.5167   0.0000
 116   0.6531   0.0000   0.6531   0.0000   0.6531   0.0000
 117   0.7709   0.0000   0.7709   0.0000   0.7709   0.0000
 118   0.8669   0.0000   0.8669   0.0000   0.8669   0.0000
 119   0.9382   0.0000   0.9382   0.0000   0.9382   0.0000
 120   0.9830   0.0000   0.9830   0.0000   0.9830   0.0000
 121   0.9999   0.0000   0.9999   0.0000   0.9999   0.0000
 122   0.9884   0.0000   0.9884   0.0000   0.9884   0.0000
 123   0.9488   0.0000   0.9488   0.0000   0.9488   0.0000
 124   0.8824   0.0000   0.8824   0.0000   0.8824   0.0000
 125   0.7909   0.0000   0.7909   0.0000   0.7909   0.0000
 126   0.6770   0.0000   0.6770   0.0000   0.6770   0.0000
 127   0.5439   0.0000   0.5439   0.0000   0.5439   0.0000
 128   0.3953   0.0000   0.3953   0.0000   0.3953   0.0000
 129   0.2355   0.0000   0.2355   0.0000   0.2355   0.0000
 130   0.0691   0.0000   0.0691   0.0000   0.0691   0.0000
 131  -0.0993   0.0000  -0.0993   0.0000  -0.0993   0.0000
 132  -0.2649   0.0000  -0.2649   0.0000  -0.2649   0.0000
 133  -0.4230   0.0000  -0.4230   0.0000  -0.4230   0.0000
 134  -0.5691   0.0000  -0.5691   0.0000  -0.5691   0.0000
 135  -0.6990   0.0000  -0.6990   0.0000  -0.6990   0.0000
 136  -0.8091   0.0000  -0.8091   0.0000  -0.8091   0.0000
 137  -0.8963   0.0000  -0.8963   0.0000  -0.8963   0.0000
 138  -0.9580   0.0000  -0.9580   0.0000  -0.9580   0.0000
 139  -0.9925   0.0000  -0.9925   0.0000  -0.9925   0.0000
 140  -0.9989   0.0000  -0.9989   0.0000  -0.9989   0.0000
 141  -0.9770   0.0000  -0.9770   0.0000  -0.9770   0.0000
 142  -0.9273   0.0000  -0.9273   0.0000  -0.9273   0.0000
 143  -0.8513   0.0000  -0.8513   0.0000  -0.8513   0.0000
 144  -0.7512   0.0000  -0.7512   0.0000  -0.7512   0.0000
 145  -0.6298   0.0000  -0.6298   0.0000  -0.6298   0.0000
 146  -0.4905   0.0000  -0.4905   0.0000  -0.4905   0.0000
 147  -0.3373   0.0000  -0.3373   0.0000  -0.3373   0.0000
 148  -0.1745   0.0000  -0.1745   0.0000  -0.1745   0.0000
 149  -0.0067   0.0000  -0.0067   0.0000  -0.0067   0.0000
 150   0.1612   0.0000   0.1612   0.0000   0.1612   0.0000
 151   0.3245   0.0000   0.3245   0.0000   0.3245   0.0000
 152   0.4787   0.0000   0.4787   0.0000   0.4787   0.0000
 153   0.6192   0.0000   0.6192   0.0000   0.6192   0.0000
 154   0.7422   0.0000   0.7422   0.0000   0.7422   0.0000
 155   0.8442   0.0000   0.8442   0.0000   0.8442   0.0000
 156   0.9222   0.0000   0.9222   0.0000   0.9222   0.0000
 157   0.9740   0.0000   0.9740   0.0000   0.9740   0.0000
 158   0.9982   0.0000   0.9982   0.0000   0.9982   0.0000
 159   0.9941   0.0000   0.9941   0.0000   0.9941   0.0000
 160   0.9618   0.0000   0.9618   0.0000   0.9618   0.0000
 161   0.9022   0.0000   0.9022   0.0000   0.9022   0.0000
 162   0.8170   0.0000   0.8170   0.0000   0.8170   0.0000
 163   0.7086   0.0000   0.7086   0.0000   0.7086   0.0000
 164   0.5801   0.0000   0.5801   0.0000   0.5801   0.0000
 165   0.4352   0.0000   0.4352   0.0000   0.4352   0.0000
 166   0.2779   0.0000   0.2779   0.0000   0.2779   0.0000
 167   0.1127   0.0000   0.1127   0.0000   0.1127   0.0000
 168  -0.0556   0.0000  -0.0556   0.0000  -0.0556   0.0000
 169  -0.2224   0.0000  -0.2224   0.0000  -0.2224   0.0000
 170  -0.3829   0.0000  -0.3829   0.0000  -0.3829   0.0000
 171  -0.5325   0.0000  -0.5325   0.0000  -0.5325   0.0000
 172  -0.6670   0.0000  -0.6670   0.0000  -0.6670   0.0000
 173  -0.7826   0.0000  -0.7826   0.0000  -0.7826   0.0000
 174  -0.8760   0.0000  -0.8760   0.0000  -0.8760   0.0000
 175  -0.9445   0.0000  -0.9445   0.0000  -0.9445   0.0000
 176  -0.9862   0.0000  -0.9862   0.0000  -0.9862   0.0000
 177  -1.0000   0.0000  -1.0000   0.0000  -1.0000   0.0000
 178  -0.9854   0.0000  -0.9854   0.0000  -0.9854   0.0000
 179  -0.9428   0.0000  -0.9428   0.0000  -0.9428   0.0000
 180  -0.8735   0.0000  -0.8735   0.0000  -0.8735   0.0000
 181  -0.7794   0.0000  -0.7794   0.0000  -0.7794   0.0000
 182  -0.6632   0.0000  -0.6632   0.0000  -0.6632   0.0000
 183  -0.5282   0.0000  -0.5282   0.0000  -0.5282   0.0000
 184  -0.3782   0.0000  -0.3782   0.0000  -0.3782   0.0000
 185  -0.2175   0.0000  -0.2175   0.0000  -0.2175   0.0000
 186  -0.0506   0.0000  -0.0506   0.0000  -0.0506   0.0000
 187   0.1178   0.0000   0.1178   0.0000   0.1178   0.0000
 188   0.2828   0.0000   0.2828   0.0000   0.2828   0.0000
 189   0.4397   0.0000   0.4397   0.0000   0.4397   0.0000
 190   0.5842   0.0000   0.5842   0.0000   0.5842   0.0000
 191   0.7122   0.0000   0.7122   0.0000   0.7122   0.0000
 192   0.8199   0.0000   0.8199   0.0000   0.8199   0.0000
 193   0.9043   0.0000   0.9043   0.0000   0.9043   0.0000
 194   0.9631   0.0000   0.9631   0.0000   0.9631   0.0000
 195   0.9946   0.0000   0.9946   0.0000   0.9946   0.0000
 196   0.9979   0.0000   0.9979   0.0000   0.9979   0.0000
 197   0.9729   0.0000   0.9729   0.0000   0.9729   0.0000
 198   0.9202   0.0000   0.9202   0.0000   0.9202   0.0000
 199   0.8415   0.0000   0.8415   0.0000   0.8415   0.0000
 200   0.7388   0.0000   0.7388   0.0000   0.7388   0.0000
 201   0.6153   0.0000   0.6153   0.0000   0.6153   0.0000
 202   0.4742   0.0000   0.4742   0.0000   0.4742   0.0000
 203   0.3197   0.0000   0.3197   0.0000   0.3197   0.0000
 204   0.1562   0.0000   0.1562   0.0000   0.1562   0.0000
 205  -0.0118   0.0000  -0.0118   0.0000  -0.0118   0.0000
 206  -0.1795   0.0000  -0.1795   0.0000  -0.1795   0.0000
 207  -0.3420   0.0000  -0.3420   0.0000  -0.3420   0.0000
 208  -0.4949   0.0000  -0.4949   0.0000  -0.4949   0.0000
 209  -0.6337   0.0000  -0.6337   0.0000  -0.6337   0.0000
 210  -0.7545   0.0000  -0.7545   0.0000  -0.7545   0.0000
 211  -0.8540   0.0000  -0.8540   0.0000  -0.8540   0.0000
 212  -0.9292   0.0000  -0.9292   0.0000  -0.9292   0.0000
 213  -0.9780   0.0000  -0.9780   0.0000  -0.9780   0.0000
 214  -0.9991   0.0000  -0.9991   0.0000  -0.9991   0.0000
 215  -0.9919   0.0000  -0.9919   0.0000  -0.9919   0.0000
 216  -0.9565   0.0000  -0.9565   0.0000  -0.9565   0.0000
 217  -0.8940   0.0000  -0.8940   0.0000  -0.8940   0.0000
 218  -0.8061   0.0000  -0.8061   0.0000  -0.8061   0.0000
 219  -0.6954   0.0000  -0.6954   0.0000  -0.6954   0.0000
 220  -0.5649   0.0000  -0.5649   0.0000  -0.5649   0.0000
 221  -0.4184   0.0000  -0.4184   0.0000  -0.4184   0.0000
 222  -0.2600   0.0000  -0.2600   0.0000  -0.2600   0.0000
 223  -0.0943   0.0000  -0.0943   0.0000  -0.0943   0.0000
 224   0.0741   0.0000   0.0741   0.0000   0.0741   0.0000
 225   0.2404   0.0000   0.2404   0.0000   0.2404   0.0000
 226   0.3999   0.0000   0.3999   0.0000   0.3999   0.0000
 227   0.5481   0.0000   0.5481   0.0000   0.5481   0.0000
 228   0.6807   0.0000   0.6807   0.0000   0.6807   0.0000
 229   0.7940   0.0000   0.7940   0.0000   0.7940   0.0000
 230   0.8848   0.0000   0.8848   0.0000   0.8848   0.0000
 231   0.9504   0.0000   0.9504   0.0000   0.9504   0.0000
 232   0.9891   0.0000   0.9891   0.0000   0.9891   0.0000
 233   0.9998   0.0000   0.9998   0.0000   0.9998   0.0000
 234   0.9821   0.0000   0.9821   0.0000   0.9821   0.0000
 235   0.9365   0.0000   0.9365   0.0000   0.9365   0.0000
 236   0.8643   0.0000   0.8643   0.0000   0.8643   0.0000
 237   0.7677   0.0000   0.7677   0.0000   0.7677   0.0000
 238   0.6492   0.0000   0.6492   0.0000   0.6492   0.0000
 239   0.5124   0.0000   0.5124   0.0000   0.5124   0.0000
 240   0.3610   0.0000   0.3610   0.0000   0.3610   0.0000
 241   0.1993   0.0000   0.1993   0.0000   0.1993   0.0000
 242   0.0320   0.0000   0.0320   0.0000   0.0320   0.0000
 243  -0.1362   0.0000  -0.1362   0.0000  -0.1362   0.0000
 244  -0.3005   0.0000  -0.3005   0.0000  -0.3005   0.0000
 245  -0.4563   0.0000  -0.4563   0.0000  -0.4563   0.0000
 246  -0.5992   0.0000  -0.5992   0.0000  -0.5992   0.0000
 247  -0.7251   0.0000  -0.7251   0.0000  -0.7251   0.0000
 248  -0.8304   0.0000  -0.8304   0.0000  -0.8304   0.0000
 249  -0.9121   0.0000  -0.9121   0.0000  -0.9121   0.0000
 250  -0.9680   0.0000  -0.9680   0.0000  -0.9680   0.0000
 251  -0.9964   0.0000  -0.9964   0.0000  -0.9964   0.0000
 252  -0.9965   0.0000  -0.9965   0.0000  -0.9965   0.0000
 253  -0.9684   0.0000  -0.9684   0.0000  -0.9684   0.0000
 254  -0.9128   0.0000  -0.9128   0.0000  -0.9128   0.0000
 255  -0.8313   0.0000  -0.8313   0.0000  -0.8313   0.0000
 256  -0.7262   0.0000  -0.7262   0.0000  -0.7262   0.0000
 257  -0.6005   0.0000  -0.6005   0.0000  -0.6005   0.0000
 258  -0.4578   0.0000  -0.4578   0.0000  -0.4578   0.0000
 259  -0.3021   0.0000  -0.3021   0.0000  -0.3021   0.0000
 260  -0.1378   0.0000  -0.1378   0.0000  -0.1378   0.0000
 261   0.0303   0.0000   0.0303   0.0000   0.0303   0.0000
 262   0.1977   0.0000   0.1977   0.0000   0.1977   0.0000
 263   0.3594   0.0000   0.3594   0.0000   0.3594   0.0000
 264   0.5109   0.0000   0.5109   0.0000   0.5109   0.0000
 265   0.6479   0.0000   0.6479   0.0000   0.6479   0.0000
 266   0.7666   0.0000   0.7666   0.0000   0.7666   0.0000
 267   0.8635   0.0000   0.8635   0.0000   0.8635   0.0000
 268   0.9359   0.0000   0.9359   0.0000   0.9359   0.0000
 269   0.9817   0.0000   0.9817   0.0000   0.9817   0.0000
 270   0.9997   0.0000   0.9997   0.0000   0.9997   0.0000
 271   0.9894   0.0000   0.9894   0.0000   0.9894   0.0000
 272   0.9510   0.0000   0.9510   0.0000   0.9510   0.0000
 273   0.8855   0.0000   0.8855   0.0000   0.8855   0.0000
 274   0.7950   0.0000   0.7950   0.0000   0.7950   0.0000
 275   0.6819   0.0000   0.6819   0.0000   0.6819   0.0000
 276   0.5495   0.0000   0.5495   0.0000   0.5495   0.0000
 277   0.4015   0.0000   0.4015   0.0000   0.4015   0.0000
 278   0.2421   0.0000   0.2421   0.0000   0.2421   0.0000
 279   0.0758   0.0000   0.0758   0.0000   0.0758   0.0000
 280  -0.0926   0.0000  -0.0926   0.0000  -0.0926   0.0000
 281  -0.2584   0.0000  -0.2584   0.0000  -0.2584   0.0000
 282  -0.4169   0.0000  -0.4169   0.0000  -0.4169   0.0000
 283  -0.5635   0.0000  -0.5635   0.0000  -0.5635   0.0000
 284  -0.6942   0.0000  -0.6942   0.0000  -0.6942   0.0000
 285  -0.8051   0.0000  -0.8051   0.0000  -0.8051   0.0000
 286  -0.8933   0.0000  -0.8933   0.0000  -0.8933   0.0000
 287  -0.9560   0.0000  -0.9560   0.0000  -0.9560   0.0000
 288  -0.9917   0.0000  -0.9917   0.0000  -0.9917   0.0000
 289  -0.9992   0.0000  -0.9992   0.0000  -0.9992   0.0000
 290  -0.9784   0.0000  -0.9784   0.0000  -0.9784   0.0000
 291  -0.9298   0.0000  -0.9298   0.0000  -0.9298   0.0000
 292  -0.8549   0.0000  -0.8549   0.0000  -0.8549   0.0000
 293  -0.7556   0.0000  -0.7556   0.0000  -0.7556   0.0000
 294  -0.6350   0.0000  -0.6350   0.0000  -0.6350   0.0000
 295  -0.4963   0.0000  -0.4963   0.0000  -0.4963   0.0000
 296  -0.3436   0.0000  -0.3436   0.0000  -0.3436   0.0000
 297  -0.1811   0.0000  -0.1811   0.0000  -0.1811   0.0000
 298  -0.0135   0.0000  -0.0135   0.0000  -0.0135   0.0000
 299   0.1545   0.0000   0.1545   0.0000   0.1545   0.0000
 300   0.3181   0.0000   0.3181   0.0000   0.3181   0.0000
 301   0.4727   0.0000   0.4727   0.0000   0.4727   0.0000
 302   0.6139   0.0000   0.6139   0.0000   0.6139   0.0000
 303   0.7377   0.0000   0.7377   0.0000   0.7377   0.0000
 304   0.8405   0.0000   0.8405   0.0000   0.8405   0.0000
 305   0.9195   0.0000   0.9195   0.0000   0.9195   0.0000
 306   0.9725   0.0000   0.9725   0.0000   0.9725   0.0000
 307   0.9978   0.0000   0.9978   0.0000   0.9978   0.0000
 308   0.9948   0.0000   0.9948   0.0000   0.9948   0.0000
 309   0.9636   0.0000   0.9636   0.0000   0.9636   0.0000
 310   0.9051   0.0000   0.9051   0.0000   0.9051   0.0000
 311   0.8208   0.0000   0.8208   0.0000   0.8208   0.0000
 312   0.7133   0.0000   0.7133   0.0000   0.7133   0.0000
 313   0.5856   0.0000   0.5856   0.0000   0.5856   0.0000
 314   0.4412   0.0000   0.4412   0.0000   0.4412   0.0000
 315   0.2844   0.0000   0.2844   0.0000   0.2844   0.0000
 316   0.1194   0.0000   0.1194   0.0000   0.1194   0.0000
 317  -0.0489   0.0000  -0.0489   0.0000  -0.0489   0.0000
 318  -0.2158   0.0000  -0.2158   0.0000  -0.2158   0.0000
 319  -0.3766   0.0000  -0.3766   0.0000  -0.3766   0.0000
 320  -0.5268   0.0000  -0.5268   0.0000  -0.5268   0.0000
 321  -0.6620   0.0000  -0.6620   0.0000  -0.6620   0.0000
 322  -0.7784   0.0000  -0.7784   0.0000  -0.7784   0.0000
 323  -0.8727   0.0000  -0.8727   0.0000  -0.8727   0.0000
 324  -0.9423   0.0000  -0.9423   0.0000  -0.9423   0.0000
 325  -0.9851   0.0000  -0.9851   0.0000  -0.9851   0.0000
 326  -1.0000   0.0000  -1.0000   0.0000  -1.0000   0.0000
 327  -0.9865   0.0000  -0.9865   0.0000  -0.9865   0.0000
 328  -0.9451   0.0000  -0.9451   0.0000  -0.9451   0.0000
 329  -0.8768   0.0000  -0.8768   0.0000  -0.8768   0.0000
 330  -0.7836   0.0000  -0.7836   0.0000  -0.7836   0.0000
 331  -0.6683   0.0000  -0.6683   0.0000  -0.6683   0.0000
 332  -0.5339   0.0000  -0.5339   0.0000  -0.5339   0.0000
 333  -0.3844   0.0000  -0.3844   0.0000  -0.3844   0.0000
 334  -0.2240   0.0000  -0.2240   0.0000  -0.2240   0.0000
 335  -0.0573   0.0000  -0.0573   0.0000  -0.0573   0.0000
 336   0.1111   0.0000   0.1111   0.0000   0.1111   0.0000
 337   0.2763   0.0000   0.2763   0.0000   0.2763   0.0000
 338   0.4337   0.0000   0.4337   0.0000   0.4337   0.0000
 339   0.5787   0.0000   0.5787   0.0000   0.5787   0.0000
 340   0.7074   0.0000   0.7074   0.0000   0.7074   0.0000
 341   0.8160   0.0000   0.8160   0.0000   0.8160   0.0000
 342   0.9014   0.0000   0.9014   0.0000   0.9014   0.0000
 343   0.9613   0.0000   0.9613   0.0000   0.9613   0.0000
 344   0.9939   0.0000   0.9939   0.0000   0.9939   0.0000
 345   0.9983   0.0000   0.9983   0.0000   0.9983   0.0000
 346   0.9744   0.0000   0.9744   0.0000   0.9744   0.0000
 347   0.9228   0.0000   0.9228   0.0000   0.9228   0.0000
 348   0.8451   0.0000   0.8451   0.0000   0.8451   0.0000
 349   0.7434   0.0000   0.7434   0.0000   0.7434   0.0000
 350   0.6206   0.0000   0.6206   0.0000   0.6206   0.0000
 351   0.4802   0.0000   0.4802   0.0000   0.4802   0.0000
 352   0.3261   0.0000   0.3261   0.0000   0.3261   0.0000
 353   0.1628   0.0000   0.1628   0.0000   0.1628   0.0000
 354  -0.0051   0.0000  -0.0051   0.0000  -0.0051   0.0000
 355  -0.1728   0.0000  -0.1728   0.0000  -0.1728   0.0000
 356  -0.3357   0.0000  -0.3357   0.0000  -0.3357   0.0000
 357  -0.4890   0.0000  -0.4890   0.0000  -0.4890   0.0000
 358  -0.6285   0.0000  -0.6285   0.0000  -0.6285   0.0000
 359  -0.7501   0.0000  -0.7501   0.0000  -0.7501   0.0000
 360  -0.8505   0.0000  -0.8505   0.0000  -0.8505   0.0000
 361  -0.9267   0.0000  -0.9267   0.0000  -0.9267   0.0000
 362  -0.9766   0.0000  -0.9766   0.0000  -0.9766   0.0000
 363  -0.9988   0.0000  -0.9988   0.0000  -0.9988   0.0000
 364  -0.9927   0.0000  -0.9927   0.0000  -0.9927   0.0000
 365  -0.9585   0.0000  -0.9585   0.0000  -0.9585   0.0000
 366  -0.8970   0.0000  -0.8970   0.0000  -0.8970   0.0000
 367  -0.8101   0.0000  -0.8101   0.0000  -0.8101   0.0000
 368  -0.7002   0.0000  -0.7002   0.0000  -0.7002   0.0000
 369  -0.5705   0.0000  -0.5705   0.0000  -0.5705   0.0000
 370  -0.4245   0.0000  -0.4245   0.0000  -0.4245   0.0000
 371  -0.2665   0.0000  -0.2665   0.0000  -0.2665   0.0000
 372  -0.1010   0.0000  -0.1010   0.0000  -0.1010   0.0000
 373   0.0674   0.0000   0.0674   0.0000   0.0674   0.0000
 374   0.2339   0.0000   0.2339   0.0000   0.2339   0.0000
 375   0.3938   0.0000   0.3938   0.0000   0.3938   0.0000
 376   0.5424   0.0000   0.5424   0.0000   0.5424   0.0000
 377   0.6757   0.0000   0.6757   0.0000   0.6757   0.0000
 378   0.7899   0.0000   0.7899   0.0000   0.7899   0.0000
 379   0.8816   0.0000   0.8816   0.0000   0.8816   0.0000
 380   0.9483   0.0000   0.9483   0.0000   0.9483   0.0000
 381   0.9881   0.0000   0.9881   0.0000   0.9881   0.0000
 382   0.9999   0.0000   0.9999   0.0000   0.9999   0.0000
 383   0.9833   0.0000   0.9833   0.0000   0.9833   0.0000
 384   0.9388   0.0000   0.9388   0.0000   0.9388   0.0000
 385   0.8677   0.0000   0.8677   0.0000   0.8677   0.0000
 386   0.7720   0.0000   0.7720   0.0000   0.7720   0.0000
 387   0.6543   0.0000   0.6543   0.0000   0.6543   0.0000
 388   0.5181   0.0000   0.5181   0.0000   0.5181   0.0000
 389   0.3672   0.0000   0.3672   0.0000   0.3672   0.0000
 390   0.2059   0.0000   0.2059   0.0000   0.2059   0.0000
 391   0.0388   0.0000   0.0388   0.0000   0.0388   0.0000
 392  -0.1295   0.0000  -0.1295   0.0000  -0.1295   0.0000
 393  -0.2941   0.0000  -0.2941   0.0000  -0.2941   0.0000
 394  -0.4503   0.0000  -0.4503   0.0000  -0.4503   0.0000
 395  -0.5938   0.0000  -0.5938   0.0000  -0.5938   0.0000
 396  -0.7204   0.0000  -0.7204   0.0000  -0.7204   0.0000
 397  -0.8266   0.0000  -0.8266   0.0000  -0.8266   0.0000
 398  -0.9093   0.0000  -0.9093   0.0000  -0.9093   0.0000
 399  -0.9663   0.0000  -0.9663   0.0000  -0.9663   0.0000
 400  -0.9958   0.0000  -0.9958   0.0000  -0.9958   0.0000
 401  -0.9971   0.0000  -0.9971   0.0000  -0.9971   0.0000
 402  -0.9701   0.0000  -0.9701   0.0000  -0.9701   0.0000
 403  -0.9155   0.0000  -0.9155   0.0000  -0.9155   0.0000
 404  -0.8350   0.0000  -0.8350   0.0000  -0.8350   0.0000
 405  -0.7308   0.0000  -0.7308   0.0000  -0.7308   0.0000
 406  -0.6059   0.0000  -0.6059   0.0000  -0.6059   0.0000
 407  -0.4638   0.0000  -0.4638   0.0000  -0.4638   0.0000
 408  -0.3085   0.0000  -0.3085   0.0000  -0.3085   0.0000
 409  -0.1445   0.0000  -0.1445   0.0000  -0.1445   0.0000
 410   0.0236   0.0000   0.0236   0.0000   0.0236   0.0000
 411   0.1911   0.0000   0.1911   0.0000   0.1911   0.0000
 412   0.3531   0.0000   0.3531   0.0000   0.3531   0.0000
 413   0.5051   0.0000   0.5051   0.0000   0.5051   0.0000
 414   0.6428   0.0000   0.6428   0.0000   0.6428   0.0000
 415   0.7622   0.0000   0.7622   0.0000   0.7622   0.0000
 416   0.8601   0.0000   0.8601   0.0000   0.8601   0.0000
 417   0.9335   0.0000   0.9335   0.0000   0.9335   0.0000
 418   0.9804   0.0000   0.9804   0.0000   0.9804   0.0000
 419   0.9996   0.0000   0.9996   0.0000   0.9996   0.0000
 420   0.9903   0.0000   0.9903   0.0000   0.9903   0.0000
 421   0.9530   0.0000   0.9530   0.0000   0.9530   0.0000
 422   0.8887   0.0000   0.8887   0.0000   0.8887   0.0000
 423   0.7991   0.0000   0.7991   0.0000   0.7991   0.0000
 424   0.6869   0.0000   0.6869   0.0000   0.6869   0.0000
 425   0.5551   0.0000   0.5551   0.0000   0.5551   0.0000
 426   0.4077   0.0000   0.4077   0.0000   0.4077   0.0000
 427   0.2486   0.0000   0.2486   0.0000   0.2486   0.0000
 428   0.0825   0.0000   0.0825   0.0000   0.0825   0.0000
 429  -0.0859   0.0000  -0.0859   0.0000  -0.0859   0.0000
 430  -0.2519   0.0000  -0.2519   0.0000  -0.2519   0.0000
 431  -0.4107   0.0000  -0.4107   0.0000  -0.4107   0.0000
 432  -0.5579   0.0000  -0.5579   0.0000  -0.5579   0.0000
 433  -0.6893   0.0000  -0.6893   0.0000  -0.6893   0.0000
 434  -0.8011   0.0000  -0.8011   0.0000  -0.8011   0.0000
 435  -0.8902   0.0000  -0.8902   0.0000  -0.8902   0.0000
 436  -0.9540   0.0000  -0.9540   0.0000  -0.9540   0.0000
 437  -0.9908   0.0000  -0.9908   0.0000  -0.9908   0.0000
 438  -0.9995   0.0000  -0.9995   0.0000  -0.9995   0.0000
 439  -0.9798   0.0000  -0.9798   0.0000  -0.9798   0.0000
 440  -0.9323   0.0000  -0.9323   0.0000  -0.9323   0.0000
 441  -0.8583   0.0000  -0.8583   0.0000  -0.8583   0.0000
 442  -0.7600   0.0000  -0.7600   0.0000  -0.7600   0.0000
 443  -0.6402   0.0000  -0.6402   0.0000  -0.6402   0.0000
 444  -0.5022   0.0000  -0.5022   0.0000  -0.5022   0.0000
 445  -0.3499   0.0000  -0.3499   0.0000  -0.3499   0.0000
 446  -0.1877   0.0000  -0.1877   0.0000  -0.1877   0.0000
 447  -0.0202   0.0000  -0.0202   0.0000  -0.0202   0.0000
 448   0.1479   0.0000   0.1479   0.0000   0.1479   0.0000
 449   0.3117   0.0000   0.3117   0.0000   0.3117   0.0000
 450   0.4668   0.0000   0.4668   0.0000   0.4668   0.0000
 451   0.6086   0.0000   0.6086   0.0000   0.6086   0.0000
 452   0.7331   0.0000   0.7331   0.0000   0.7331   0.0000
 453   0.8369   0.0000   0.8369   0.0000   0.8369   0.0000
 454   0.9169   0.0000   0.9169   0.0000   0.9169   0.0000
 455   0.9709   0.0000   0.9709   0.0000   0.9709   0.0000
 456   0.9973   0.0000   0.9973   0.0000   0.9973   0.0000
 457   0.9955   0.0000   0.9955   0.0000   0.9955   0.0000
 458   0.9654   0.0000   0.9654   0.0000   0.9654   0.0000
 459   0.9079   0.0000   0.9079   0.0000   0.9079   0.0000
 460   0.8247   0.0000   0.8247   0.0000   0.8247   0.0000
 461   0.7181   0.0000   0.7181   0.0000   0.7181   0.0000
 462   0.5911   0.0000   0.5911   0.0000   0.5911   0.0000
 463   0.4473   0.0000   0.4473   0.0000   0.4473   0.0000
 464   0.2908   0.0000   0.2908   0.0000   0.2908   0.0000
 465   0.1261   0.0000   0.1261   0.0000   0.1261   0.0000
 466  -0.0421   0.0000  -0.0421   0.0000  -0.0421   0.0000
 467  -0.2092   0.0000  -0.2092   0.0000  -0.2092   0.0000
 468  -0.3704   0.0000  -0.3704   0.0000  -0.3704   0.0000
 469  -0.5210   0.0000  -0.5210   0.0000  -0.5210   0.0000
 470  -0.6569   0.0000  -0.6569   0.0000  -0.6569   0.0000
 471  -0.7741   0.0000  -0.7741   0.0000  -0.7741   0.0000
 472  -0.8694   0.0000  -0.8694   0.0000  -0.8694   0.0000
 473  -0.9400   0.0000  -0.9400   0.0000  -0.9400   0.0000
 474  -0.9839   0.0000  -0.9839   0.0000  -0.9839   0.0000
 475  -0.9999   0.0000  -0.9999   0.0000  -0.9999   0.0000
 476  -0.9876   0.0000  -0.9876   0.0000  -0.9876   0.0000
 477  -0.9472   0.0000  -0.9472   0.0000  -0.9472   0.0000
 478  -0.8800   0.0000  -0.8800   0.0000  -0.8800   0.0000
 479  -0.7878   0.0000  -0.7878   0.0000  -0.7878   0.0000
 480  -0.6733   0.0000  -0.6733   0.0000  -0.6733   0.0000
 481  -0.5396   0.0000  -0.5396   0.0000  -0.5396   0.0000
 482  -0.3907   0.0000  -0.3907   0.0000  -0.3907   0.0000
 483  -0.2306   0.0000  -0.2306   0.0000  -0.2306   0.0000
 484  -0.0640   0.0000  -0.0640   0.0000  -0.0640   0.0000
 485   0.1044   0.0000   0.1044   0.0000   0.1044   0.0000
 486   0.2698   0.0000   0.2698   0.0000   0.2698   0.0000
 487   0.4276   0.0000   0.4276   0.0000   0.4276   0.0000
 488   0.5732   0.0000   0.5732   0.0000   0.5732   0.0000
 489   0.7026   0.0000   0.7026   0.0000   0.7026   0.0000
 490   0.8121   0.0000   0.8121   0.0000   0.8121   0.0000
 491   0.8985   0.0000   0.8985   0.0000   0.8985   0.0000
 492   0.9594   0.0000   0.9594   0.0000   0.9594   0.0000
 493   0.9931   0.0000   0.9931   0.0000   0.9931   0.0000
 494   0.9987   0.0000   0.9987   0.0000   0.9987   0.0000
 495   0.9759   0.0000   0.9759   0.0000   0.9759   0.0000
 496   0.9254   0.0000   0.9254   0.0000   0.9254   0.0000
 497   0.8487   0.0000   0.8487   0.0000   0.8487   0.0000
 498   0.7479   0.0000   0.7479   0.0000   0.7479   0.0000
 499   0.6258   0.0000   0.6258   0.0000   0.6258   0.0000
 500   0.4861   0.0000   0.4861   0.0000   0.4861   0.0000
 501   0.3325   0.0000   0.3325   0.0000   0.3325   0.0000
 502   0.1695   0.0000   0.1695   0.0000   0.1695   0.0000
 503   0.0017   0.0000   0.0017   0.0000   0.0017   0.0000
 504  -0.1662   0.0000  -0.1662   0.0000  -0.1662   0.0000
 505  -0.3293   0.0000  -0.3293   0.0000  -0.3293   0.0000
 506  -0.4831   0.0000  -0.4831   0.0000  -0.4831   0.0000
 507  -0.6232   0.0000  -0.6232   0.0000  -0.6232   0.0000
 508  -0.7456   0.0000  -0.7456   0.0000  -0.7456   0.0000
 509  -0.8469   0.0000  -0.8469   0.0000  -0.8469   0.0000
 510  -0.9241   0.0000  -0.9241   0.0000  -0.9241   0.0000
 511  -0.9751   0.0000  -0.9751   0.0000  -0.9751   0.0000
 512  -0.9985   0.0000  -0.9985   0.0000  -0.9985   0.0000
 513  -0.9935   0.0000  -0.9935   0.0000  -0.9935   0.0000
 514  -0.9604   0.0000  -0.9604   0.0000  -0.9604   0.0000
 515  -0.9000   0.0000  -0.9000   0.0000  -0.9000   0.0000
 516  -0.8140   0.0000  -0.8140   0.0000  -0.8140   0.0000
 517  -0.7050   0.0000  -0.7050   0.0000  -0.7050   0.0000
 518  -0.5760   0.0000  -0.5760   0.0000  -0.5760   0.0000
 519  -0.4306   0.0000  -0.4306   0.0000  -0.4306   0.0000
 520  -0.2730   0.0000  -0.2730   0.0000  -0.2730   0.0000
 521  -0.1077   0.0000  -0.1077   0.0000  -0.1077   0.0000
 522   0.0607   0.0000   0.0607   0.0000   0.0607   0.0000
 523   0.2273   0.0000   0.2273   0.0000   0.2273   0.0000
 524   0.3875   0.0000   0.3875   0.0000   0.3875   0.0000
 525   0.5368   0.0000   0.5368   0.0000   0.5368   0.0000
 526   0.6708   0.0000   0.6708   0.0000   0.6708   0.0000
 527   0.7857   0.0000   0.7857   0.0000   0.7857   0.0000
 528   0.8784   0.0000   0.8784   0.0000   0.8784   0.0000
 529   0.9461   0.0000   0.9461   0.0000   0.9461   0.0000
 530   0.9871   0.0000   0.9871   0.0000   0.9871   0.0000
 531   1.0000   0.0000   1.0000   0.0000   1.0000   0.0000
 532   0.9845   0.0000   0.9845   0.0000   0.9845   0.0000
 533   0.9411   0.0000   0.9411   0.0000   0.9411   0.0000
 534   0.8710   0.0000   0.8710   0.0000   0.8710   0.0000
 535   0.7762   0.0000   0.7762   0.0000   0.7762   0.0000
 536   0.6594   0.0000   0.6594   0.0000   0.6594   0.0000
 537   0.5239   0.0000   0.5239   0.0000   0.5239   0.0000
 538   0.3735   0.0000   0.3735   0.0000   0.3735   0.0000
 539   0.2125   0.0000   0.2125   0.0000   0.2125   0.0000
 540   0.0455   0.0000   0.0455   0.0000   0.0455   0.0000
 541  -0.1228   0.0000  -0.1228   0.0000  -0.1228   0.0000
 542  -0.2876   0.0000  -0.2876   0.0000  -0.2876   0.0000
 543  -0.4443   0.0000  -0.4443   0.0000  -0.4443   0.0000
 544  -0.5883   0.0000  -0.5883   0.0000  -0.5883   0.0000
 545  -0.7157   0.0000  -0.7157   0.0000  -0.7157   0.0000
 546  -0.8228   0.0000  -0.8228   0.0000  -0.8228   0.0000
 547  -0.9065   0.0000  -0.9065   0.0000  -0.9065   0.0000
 548  -0.9645   0.0000  -0.9645   0.0000  -0.9645   0.0000
 549  -0.9951   0.0000  -0.9951   0.0000  -0.9951   0.0000
 550  -0.9976   0.0000  -0.9976   0.0000  -0.9976   0.0000
 551  -0.9717   0.0000  -0.9717   0.0000  -0.9717   0.0000
 552  -0.9182   0.0000  -0.9182   0.0000  -0.9182   0.0000
 553  -0.8387   0.0000  -0.8387   0.0000  -0.8387   0.0000
 554  -0.7354   0.0000  -0.7354   0.0000  -0.7354   0.0000
 555  -0.6113   0.0000  -0.6113   0.0000  -0.6113   0.0000
 556  -0.4698   0.0000  -0.4698   0.0000  -0.4698   0.0000
 557  -0.3149   0.0000  -0.3149   0.0000  -0.3149   0.0000
 558  -0.1512   0.0000  -0.1512   0.0000  -0.1512   0.0000
 559   0.0169   0.0000   0.0169   0.0000   0.0169   0.0000
 560   0.1844   0.0000   0.1844   0.0000   0.1844   0.0000
 561   0.3468   0.0000   0.3468   0.0000   0.3468   0.0000
 562   0.4993   0.0000   0.4993   0.0000   0.4993   0.0000
 563   0.6376   0.0000   0.6376   0.0000   0.6376   0.0000
 564   0.7579   0.0000   0.7579   0.0000   0.7579   0.0000
 565   0.8566   0.0000   0.8566   0.0000   0.8566   0.0000
 566   0.9310   0.0000   0.9310   0.0000   0.9310   0.0000
 567   0.9791   0.0000   0.9791   0.0000   0.9791   0.0000
 568   0.9993   0.0000   0.9993   0.0000   0.9993   0.0000
 569   0.9913   0.0000   0.9913   0.0000   0.9913   0.0000
 570   0.9550   0.0000   0.9550   0.0000   0.9550   0.0000
 571   0.8917   0.0000   0.8917   0.0000   0.8917   0.0000
 572   0.8031   0.0000   0.8031   0.0000   0.8031   0.0000
 573   0.6917   0.0000   0.6917   0.0000   0.6917   0.0000
 574   0.5607   0.0000   0.5607   0.0000   0.5607   0.0000
 575   0.4138   0.0000   0.4138   0.0000   0.4138   0.0000
 576   0.2552   0.0000   0.2552   0.0000   0.2552   0.0000
 577   0.0893   0.0000   0.0893   0.0000   0.0893   0.0000
 578  -0.0792   0.0000  -0.0792   0.0000  -0.0792   0.0000
 579  -0.2454   0.0000  -0.2454   0.0000  -0.2454   0.0000
 580  -0.4046   0.0000  -0.4046   0.0000  -0.4046   0.0000
 581  -0.5523   0.0000  -0.5523   0.0000  -0.5523   0.0000
 582  -0.6844   0.0000  -0.6844   0.0000  -0.6844   0.0000
 583  -0.7971   0.0000  -0.7971   0.0000  -0.7971   0.0000
 584  -0.8871   0.0000  -0.8871   0.0000  -0.8871   0.0000
 585  -0.9520   0.0000  -0.9520   0.0000  -0.9520   0.0000
 586  -0.9899   0.0000  -0.9899   0.0000  -0.9899   0.0000
 587  -0.9997   0.0000  -0.9997   0.0000  -0.9997   0.0000
 588  -0.9811   0.0000  -0.9811   0.0000  -0.9811   0.0000
 589  -0.9347   0.0000  -0.9347   0.0000  -0.9347   0.0000
 590  -0.8618   0.0000  -0.8618   0.0000  -0.8618   0.0000
 591  -0.7644   0.0000  -0.7644   0.0000  -0.7644   0.0000
 592  -0.6454   0.0000  -0.6454   0.0000  -0.6454   0.0000
 593  -0.5080   0.0000  -0.5080   0.0000  -0.5080   0.0000
 594  -0.3562   0.0000  -0.3562   0.0000  -0.3562   0.0000
 595  -0.1944   0.0000  -0.1944   0.0000  -0.1944   0.0000
 596  -0.0270   0.0000  -0.0270   0.0000  -0.0270   0.0000
 597   0.1412   0.0000   0.1412   0.0000   0.1412   0.0000
 598   0.3053   0.0000   0.3053   0.0000   0.3053   0.0000
 599   0.4608   0.0000   0.4608   0.0000   0.4608   0.0000
 600   0.6032   0.0000   0.6032   0.0000   0.6032   0.0000
 601   0.7285   0.0000   0.7285   0.0000   0.7285   0.0000
 602   0.8332   0.0000   0.8332   0.0000   0.8332   0.0000
 603   0.9142   0.0000   0.9142   0.0000   0.9142   0.0000
 604   0.9692   0.0000   0.9692   0.0000   0.9692   0.0000
 605   0.9968   0.0000   0.9968   0.0000   0.9968   0.0000
 606   0.9961   0.0000   0.9961   0.0000   0.9961   0.0000
 607   0.9671   0.0000   0.9671   0.0000   0.9671   0.0000
 608   0.9107   0.0000   0.9107   0.0000   0.9107   0.0000
 609   0.8285   0.0000   0.8285   0.0000   0.8285   0.0000
 610   0.7227   0.0000   0.7227   0.0000   0.7227   0.0000
 611   0.5965   0.0000   0.5965   0.0000   0.5965   0.0000
 612   0.4533   0.0000   0.4533   0.0000   0.4533   0.0000
 613   0.2973   0.0000   0.2973   0.0000   0.2973   0.0000
 614   0.1328   0.0000   0.1328   0.0000   0.1328   0.0000
 615  -0.0354   0.0000  -0.0354   0.0000  -0.0354   0.0000
 616  -0.2026   0.0000  -0.2026   0.0000  -0.2026   0.0000
 617  -0.3641   0.0000  -0.3641   0.0000  -0.3641   0.0000
 618  -0.5153   0.0000  -0.5153   0.0000  -0.5153   0.0000
 619  -0.6518   0.0000  -0.6518   0.0000  -0.6518   0.0000
 620  -0.7698   0.0000  -0.7698   0.0000  -0.7698   0.0000
 621  -0.8660   0.0000  -0.8660   0.0000  -0.8660   0.0000
 622  -0.9377   0.0000  -0.9377   0.0000  -0.9377   0.0000
 623  -0.9827   0.0000  -0.9827   0.0000  -0.9827   0.0000
 624  -0.9998   0.0000  -0.9998   0.0000  -0.9998   0.0000
 625  -0.9886   0.0000  -0.9886   0.0000  -0.9886   0.0000
 626  -0.9494   0.0000  -0.9494   0.0000  -0.9494   0.0000
 627  -0.8832   0.0000  -0.8832   0.0000  -0.8832   0.0000
 628  -0.7919   0.0000  -0.7919   0.0000  -0.7919   0.0000
 629  -0.6782   0.0000  -0.6782   0.0000  -0.6782   0.0000
 630  -0.5453   0.0000  -0.5453   0.0000  -0.5453   0.0000
 631  -0.3969   0.0000  -0.3969   0.0000  -0.3969   0.0000
 632  -0.2372   0.0000  -0.2372   0.0000  -0.2372   0.0000
 633  -0.0708   0.0000  -0.0708   0.0000  -0.0708   0.0000
 634   0.0977   0.0000   0.0977   0.0000   0.0977   0.0000
 635   0.2633   0.0000   0.2633   0.0000   0.2633   0.0000
 636   0.4215   0.0000   0.4215   0.0000   0.4215   0.0000
 637   0.5677   0.0000   0.5677   0.0000   0.5677   0.0000
 638   0.6978   0.0000   0.6978   0.0000   0.6978   0.0000
 639   0.8081   0.0000   0.8081   0.0000   0.8081   0.0000
 640   0.8955   0.0000   0.8955   0.0000   0.8955   0.0000
 641   0.9575   0.0000   0.9575   0.0000   0.9575   0.0000
 642   0.9923   0.0000   0.9923   0.0000   0.9923   0.0000
 643   0.9990   0.0000   0.9990   0.0000   0.9990   0.0000
 644   0.9773   0.0000   0.9773   0.0000   0.9773   0.0000
 645   0.9279   0.0000   0.9279   0.0000   0.9279   0.0000
 646   0.8522   0.0000   0.8522   0.0000   0.8522   0.0000
 647   0.7523   0.0000   0.7523   0.0000   0.7523   0.0000
 648   0.6311   0.0000   0.6311   0.0000   0.6311   0.0000
 649   0.4919   0.0000   0.4919   0.0000   0.4919   0.0000
 650   0.3388   0.0000   0.3388   0.0000   0.3388   0.0000
 651   0.1761   0.0000   0.1761   0.0000   0.1761   0.0000
 652   0.0084   0.0000   0.0084   0.0000   0.0084   0.0000
 653  -0.1595   0.0000  -0.1595   0.0000  -0.1595   0.0000
 654  -0.3229   0.0000  -0.3229   0.0000  -0.3229   0.0000
 655  -0.4772   0.0000  -0.4772   0.0000  -0.4772   0.0000
 656  -0.6179   0.0000  -0.6179   0.0000  -0.6179   0.0000
 657  -0.7411   0.0000  -0.7411   0.0000  -0.7411   0.0000
 658  -0.8433   0.0000  -0.8433   0.0000  -0.8433   0.0000
 659  -0.9215   0.0000  -0.9215   0.0000  -0.9215   0.0000
 660  -0.9736   0.0000  -0.9736   0.0000  -0.9736   0.0000
 661  -0.9981   0.0000  -0.9981   0.0000  -0.9981   0.0000
 662  -0.9943   0.0000  -0.9943   0.0000  -0.9943   0.0000
 663  -0.9622   0.0000  -0.9622   0.0000  -0.9622   0.0000
 664  -0.9029   0.0000  -0.9029   0.0000  -0.9029   0.0000
 665  -0.8179   0.0000  -0.8179   0.0000  -0.8179   0.0000
 666  -0.7098   0.0000  -0.7098   0.0000  -0.7098   0.0000
 667  -0.5815   0.0000  -0.5815   0.0000  -0.5815   0.0000
 668  -0.4367   0.0000  -0.4367   0.0000  -0.4367   0.0000
 669  -0.2795   0.0000  -0.2795   0.0000  -0.2795   0.0000
 670  -0.1144   0.0000  -0.1144   0.0000  -0.1144   0.0000
 671   0.0539   0.0000   0.0539   0.0000   0.0539   0.0000
 672   0.2208   0.0000   0.2208   0.0000   0.2208   0.0000
 673   0.3813   0.0000   0.3813   0.0000   0.3813   0.0000
 674   0.5311   0.0000   0.5311   0.0000   0.5311   0.0000
 675   0.6657   0.0000   0.6657   0.0000   0.6657   0.0000
 676   0.7815   0.0000   0.7815   0.0000   0.7815   0.0000
 677   0.8752   0.0000   0.8752   0.0000   0.8752   0.0000
 678   0.9439   0.0000   0.9439   0.0000   0.9439   0.0000
 679   0.9860   0.0000   0.9860   0.0000   0.9860   0.0000
 680   1.0000   0.0000   1.0000   0.0000   1.0000   0.0000
 681   0.9857   0.0000   0.9857   0.0000   0.9857   0.0000
 682   0.9434   0.0000   0.9434   0.0000   0.9434   0.0000
 683   0.8743   0.0000   0.8743   0.0000   0.8743   0.0000
 684   0.7805   0.0000   0.7805   0.0000   0.7805   0.0000
 685   0.6645   0.0000   0.6645   0.0000   0.6645   0.0000
 686   0.5296   0.0000   0.5296   0.0000   0.5296   0.0000
 687   0.3798   0.0000   0.3798   0.0000   0.3798   0.0000
 688   0.2191   0.0000   0.2191   0.0000   0.2191   0.0000
 689   0.0523   0.0000   0.0523   0.0000   0.0523   0.0000
 690  -0.1161   0.0000  -0.1161   0.0000  -0.1161   0.0000
 691  -0.2811   0.0000  -0.2811   0.0000  -0.2811   0.0000
 692  -0.4382   0.0000  -0.4382   0.0000  -0.4382   0.0000
 693  -0.5829   0.0000  -0.5829   0.0000  -0.5829   0.0000
 694  -0.7110   0.0000  -0.7110   0.0000  -0.7110   0.0000
 695  -0.8189   0.0000  -0.8189   0.0000  -0.8189   0.0000
 696  -0.9036   0.0000  -0.9036   0.0000  -0.9036   0.0000
 697  -0.9627   0.0000  -0.9627   0.0000  -0.9627   0.0000
 698  -0.9945   0.0000  -0.9945   0.0000  -0.9945   0.0000
 699  -0.9980   0.0000  -0.9980   0.0000  -0.9980   0.0000
 700  -0.9732   0.0000  -0.9732   0.0000  -0.9732   0.0000
 701  -0.9209   0.0000  -0.9209   0.0000  -0.9209   0.0000
 702  -0.8424   0.0000  -0.8424   0.0000  -0.8424   0.0000
 703  -0.7400   0.0000  -0.7400   0.0000  -0.7400   0.0000
 704  -0.6166   0.0000  -0.6166   0.0000  -0.6166   0.0000
 705  -0.4757   0.0000  -0.4757   0.0000  -0.4757   0.0000
 706  -0.3213   0.0000  -0.3213   0.0000  -0.3213   0.0000
 707  -0.1579   0.0000  -0.1579   0.0000  -0.1579   0.0000
 708   0.0101   0.0000   0.0101   0.0000   0.0101   0.0000
 709   0.1778   0.0000   0.1778   0.0000   0.1778   0.0000
 710   0.3404   0.0000   0.3404   0.0000   0.3404   0.0000
 711   0.4934   0.0000   0.4934   0.0000   0.4934   0.0000
 712   0.6324   0.0000   0.6324   0.0000   0.6324   0.0000
 713   0.7534   0.0000   0.7534   0.0000   0.7534   0.0000
 714   0.8531   0.0000   0.8531   0.0000   0.8531   0.0000
 715   0.9286   0.0000   0.9286   0.0000   0.9286   0.0000
 716   0.9777   0.0000   0.9777   0.0000   0.9777   0.0000
 717   0.9991   0.0000   0.9991   0.0000   0.9991   0.0000
 718   0.9921   0.0000   0.9921   0.0000   0.9921   0.0000
 719   0.9570   0.0000   0.9570   0.0000   0.9570   0.0000
 720   0.8948   0.0000   0.8948   0.0000   0.8948   0.0000
 721   0.8071   0.0000   0.8071   0.0000   0.8071   0.0000
 722   0.6966   0.0000   0.6966   0.0000   0.6966   0.0000
 723   0.5663   0.0000   0.5663   0.0000   0.5663   0.0000
 724   0.4199   0.0000   0.4199   0.0000   0.4199   0.0000
 725   0.2617   0.0000   0.2617   0.0000   0.2617   0.0000
 726   0.0960   0.0000   0.0960   0.0000   0.0960   0.0000
 727  -0.0724   0.0000  -0.0724   0.0000  -0.0724   0.0000
 728  -0.2388   0.0000  -0.2388   0.0000  -0.2388   0.0000
 729  -0.3984   0.0000  -0.3984   0.0000  -0.3984   0.0000
 730  -0.5467   0.0000  -0.5467   0.0000  -0.5467   0.0000
 731  -0.6795   0.0000  -0.6795   0.0000  -0.6795   0.0000
 732  -0.7930   0.0000  -0.7930   0.0000  -0.7930   0.0000
 733  -0.8840   0.0000  -0.8840   0.0000  -0.8840   0.0000
 734  -0.9499   0.0000  -0.9499   0.0000  -0.9499   0.0000
 735  -0.9889   0.0000  -0.9889   0.0000  -0.9889   0.0000
 736  -0.9998   0.0000  -0.9998   0.0000  -0.9998   0.0000
 737  -0.9824   0.0000  -0.9824   0.0000  -0.9824   0.0000
 738  -0.9371   0.0000  -0.9371   0.0000  -0.9371   0.0000
 739  -0.8652   0.0000  -0.8652   0.0000  -0.8652   0.0000
 740  -0.7687   0.0000  -0.7687   0.0000  -0.7687   0.0000
 741  -0.6505   0.0000  -0.6505   0.0000  -0.6505   0.0000
 742  -0.5138   0.0000  -0.5138   0.0000  -0.5138   0.0000
 743  -0.3625   0.0000  -0.3625   0.0000  -0.3625   0.0000
 744  -0.2010   0.0000  -0.2010   0.0000  -0.2010   0.0000
 745  -0.0337   0.0000  -0.0337   0.0000  -0.0337   0.0000
 746   0.1345   0.0000   0.1345   0.0000   0.1345   0.0000
 747   0.2989   0.0000   0.2989   0.0000   0.2989   0.0000
 748   0.4548   0.0000   0.4548   0.0000   0.4548   0.0000
 749   0.5978   0.0000   0.5978   0.0000   0.5978   0.0000
 750   0.7239   0.0000   0.7239   0.0000   0.7239   0.0000
 751   0.8294   0.0000   0.8294   0.0000   0.8294   0.0000
 752   0.9114   0.0000   0.9114   0.0000   0.9114   0.0000
 753   0.9675   0.0000   0.9675   0.0000   0.9675   0.0000
 754   0.9962   0.0000   0.9962   0.0000   0.9962   0.0000
 755   0.9967   0.0000   0.9967   0.0000   0.9967   0.0000
 756   0.9688   0.0000   0.9688   0.0000   0.9688   0.0000
 757   0.9135   0.0000   0.9135   0.0000   0.9135   0.0000
 758   0.8322   0.0000   0.8322   0.0000   0.8322   0.0000
 759   0.7274   0.0000   0.7274   0.0000   0.7274   0.0000
 760   0.6019   0.0000   0.6019   0.0000   0.6019   0.0000
 761   0.4593   0.0000   0.4593   0.0000   0.4593   0.0000
 762   0.3037   0.0000   0.3037   0.0000   0.3037   0.0000
 763   0.1395   0.0000   0.1395   0.0000   0.1395   0.0000
 764  -0.0287   0.0000  -0.0287   0.0000  -0.0287   0.0000
 765  -0.1960   0.0000  -0.1960   0.0000  -0.1960   0.0000
 766  -0.3578   0.0000  -0.3578   0.0000  -0.3578   0.0000
 767  -0.5095   0.0000  -0.5095   0.0000  -0.5095   0.0000
 768  -0.6467   0.0000  -0.6467   0.0000  -0.6467   0.0000
 769  -0.7655   0.0000  -0.7655   0.0000  -0.7655   0.0000
 770  -0.8626   0.0000  -0.8626   0.0000  -0.8626   0.0000
 771  -0.9353   0.0000  -0.9353   0.0000  -0.9353   0.0000
 772  -0.9814   0.0000  -0.9814   0.0000  -0.9814   0.0000
 773  -0.9997   0.0000  -0.9997   0.0000  -0.9997   0.0000
 774  -0.9896   0.0000  -0.9896   0.0000  -0.9896   0.0000
 775  -0.9515   0.0000  -0.9515   0.0000  -0.9515   0.0000
 776  -0.8863   0.0000  -0.8863   0.0000  -0.8863   0.0000
 777  -0.7960   0.0000  -0.7960   0.0000  -0.7960   0.0000
 778  -0.6832   0.0000  -0.6832   0.0000  -0.6832   0.0000
 779  -0.5509   0.0000  -0.5509   0.0000  -0.5509   0.0000
 780  -0.4030   0.0000  -0.4030   0.0000  -0.4030   0.0000
 781  -0.2437   0.0000  -0.2437   0.0000  -0.2437   0.0000
 782  -0.0775   0.0000  -0.0775   0.0000  -0.0775   0.0000
 783   0.0909   0.0000   0.0909   0.0000   0.0909   0.0000
 784   0.2568   0.0000   0.2568   0.0000   0.2568   0.0000
 785   0.4153   0.0000   0.4153   0.0000   0.4153   0.0000
 786   0.5621   0.0000   0.5621   0.0000   0.5621   0.0000
 787   0.6930   0.0000   0.6930   0.0000   0.6930   0.0000
 788   0.8041   0.0000   0.8041   0.0000   0.8041   0.0000
 789   0.8925   0.0000   0.8925   0.0000   0.8925   0.0000
 790   0.9555   0.0000   0.9555   0.0000   0.9555   0.0000
 791   0.9915   0.0000   0.9915   0.0000   0.9915   0.0000
 792   0.9993   0.0000   0.9993   0.0000   0.9993   0.0000
#endOfDataMarker